image: map_clark_kerr_floor1_cropped.pgm
resolution: 0.050000
origin: [-0.90000, -22.45000, 0.000000]
negate: 0
occupied_thresh: 0.65
free_thresh: 0.196

